17988:1,1,2916,0
49043:1,1,2916,50270
8343:3,1,59660,0
9091:3,1,59660,31647
54695:3,1,59660,0
48960:3,1,59660,0
59484:3,1,59660,0
38251:3,1,59660,0
48075:3,1,59660,0
13123:3,1,59660,0
42893:3,1,59660,0
18879:3,1,59660,0
28778:3,1,59660,0
33913:3,1,59660,0
6988:3,1,59660,0
48483:3,1,59660,0
32358:3,1,59660,0
36101:3,1,59660,0
40305:3,1,59660,0
36353:3,1,59660,0
56004:3,1,59660,0
20370:3,1,59660,0
28716:3,1,59660,0
45684:3,1,59660,0
64694:3,1,59660,0
45674:3,1,59660,0
44865:3,1,59660,0
29602:3,1,59660,0
4245:3,1,59660,0
3389:3,1,59660,0
31767:3,1,59660,0
62792:3,1,59660,0
35302:3,1,59660,0
40111:3,1,59660,0
6347:3,1,59660,0
24461:3,1,59660,0
23535:3,1,59660,0
295:3,1,59660,0
62713:3,1,59660,0
6074:3,1,59660,0
13419:3,1,59660,0
40070:3,1,59660,0
24953:3,1,59660,0
42197:3,1,59660,0
8448:3,1,59660,0
31942:3,1,59660,0
25144:3,1,59660,0
40806:3,1,59660,0
2507:3,1,59660,0
65449:3,1,59660,0
11623:3,1,59660,0
58511:3,1,59660,0
20283:3,1,59660,0
40339:3,1,59660,0
38659:3,1,59660,0
19441:3,1,59660,0
20478:3,1,59660,0
19701:4,1,31647,52479
11196:4,1,31647,0
61030:5,1,52479,0
34735:5,1,52479,0
39238:6,1,57355,16228
6938:6,1,57355,0
2185:8,1,37994,0
49844:8,1,37994,925
62554:9,1,925,13767
56178:9,1,925,0
2445:10,1,13767,0
53613:10,1,13767,50449
25251:11,1,50449,0
20499:11,1,50449,21497
35459:12,1,21497,42055
46484:12,1,21497,0
13911:13,1,42055,0
40338:13,1,42055,10835
53600:14,1,10835,0
21692:14,1,10835,11543
65513:15,1,11543,0
12986:15,1,11543,4753
16105:16,1,59259,29422
64475:16,1,59259,0
60117:17,1,29422,0
32842:17,1,29422,47320
11292:18,1,47320,0
62587:18,1,47320,54742
56743:19,1,54742,14128
57915:19,1,54742,0
25420:20,1,14128,51567
52886:20,1,14128,0
40368:21,1,51567,44853
62038:21,1,51567,0
41202:22,1,44853,49489
28360:22,1,44853,0
21205:23,1,49489,0
22227:23,1,49489,0
64034:24,1,61151,42406
5844:24,1,61151,0
12008:25,1,42406,0
25226:25,1,42406,0
13239:26,1,58079,27962
53719:26,1,58079,0
4164:27,1,27962,0
32591:27,1,27962,57879
13710:28,1,57879,0
59386:28,1,57879,32264
39746:29,1,32264,21136
4685:29,1,32264,0
52248:30,1,21136,55329
39514:30,1,21136,0
31003:31,1,55329,0
9937:31,1,55329,0
48164:41,1,57879,0
15785:41,1,57879,0
40294:42,1,43811,56135
9354:42,1,43811,0
49612:43,1,56135,50009
37609:43,1,56135,0
52047:44,1,50009,15744
51793:44,1,50009,0
24588:45,1,15744,3644
29623:45,1,15744,0
19878:46,1,3644,0
40993:46,1,3644,1282
52497:47,1,1282,58343
7310:47,1,1282,0
60345:48,1,58343,0
25133:48,1,58343,0
53603:49,1,17070,0
56069:49,1,17070,0
40960:49,1,17070,53219
31653:49,1,17070,0
62627:50,1,53219,0
4495:50,1,53219,0
61761:50,1,53219,0
55847:50,1,53219,0
20506:51,1,14498,0
21314:51,1,14498,0
2123:51,1,14498,20248
60280:52,1,20248,8939
54031:52,1,20248,0
3540:53,1,8939,13367
65303:53,1,8939,0
39697:54,1,13367,46455
59472:54,1,13367,0
51935:55,65537,2259,0
40188:55,65537,2259,0
60924:55,65537,46455,0
16994:55,65537,46455,2259
59518:55,65537,2259,0
16737:55,65537,2259,0
